BFS-DFS
[-1, -4, -6]
[-1, 4, -6]
[-1, -2, 5]
[-1, -4, 6]
[-1, 4, 6]
[2, -7, -8]
[2, -5, -7]
[2, -7, 8]
[-2, 5, -8]
[-2, 5, 8]
[-1, 2, 5, -9]
[-1, -2, 4, 5]
[-1, -4, -5, 6]
[-1, 2, -4, 6]
[-1, 2, -7, -8]
[1, 2, -7, -8]
[2, 5, -7, -8]
[-1, -2, -3, -4, -5, -7]


DFS - BFS
[-1, -2, -3, -4, -5]
[-1, -2, -3, 5]
[-1, -2, -3, 5, 8]
[-1, -2, -3, 5, -8]
[-1, -2, 4]
[-1, -2, -4, 5]
[-1, -2, -4, -5]
[-1, -2, 5, 8]
[-1, -2, 5, -8]
[-1, -2, -5]
[-1, 5, -6]
[-1, 5, 9]
[2, -5]
[-2, -5]