
3
21	1.91
22	1.8995
23	1.913

4
21	2.176
22	2.1985
23	2.1815

5
21	2.581
22	2.5815
23	2.5845

6
21	2.9855
22	3.0155
23	3.0015

7
21	3.4945
22	3.53
23	3.469

8
21	4.0415
22	4.1485
23	4.1565

9
21	4.689
22	4.762
23	4.789

10
21	5.502
22	5.563
23	5.539

11
21	6.475
22	6.4705
23	6.3955

12
21	7.494
22	7.4255
23	7.4455

13
21	8.696
22	8.827
23	8.6825

14
21	10.025
22	10.032
23	10.0835

15
21	11.819
22	11.7195
23	11.574

16
21	13.5615
22	13.541
23	13.631

17
21	15.7885
22	15.838
23	15.5285

18
21	18.4035
22	18.263
23	18.2355

19
21	21.639
22	21.5905
23	21.3665

20
21	24.7565
22	24.6375
23	24.763

21
21	28.3675
22	28.8875
23	29.2075

22
21	33.902
22	32.959
23	33.2425

23
21	39.215
22	38.757
23	38.734

24
21	44.9865
22	45.527
23	44.301

25
21	52.0545
22	51.909
23	51.7345

26
21	60.846
22	60.6595
23	60.896

27
21	69.3905
22	70.541
23	68.9565

28
21	81.739
22	82.314
23	80.554

29
21	94.49
22	95.738
23	94.439

30
21	110.6445
22	112.527
