
3
21	2.2655
22	2.246
23	2.244
24	2.233
25	2.231

4
21	2.5115
22	2.55
23	2.532
24	2.5255
25	2.5305

5
21	2.9805
22	2.9985
23	3.009
24	3.03
25	2.9715

6
21	3.555
22	3.675
23	3.643
24	3.695
25	3.707

7
21	4.374
22	4.378
23	4.364
24	4.472
25	4.4705

8
21	5.316
22	5.305
23	5.4805
24	5.3135
25	5.461

9
21	6.5085
22	6.576
23	6.684
24	6.535
25	6.5135

10
21	7.629
22	7.9075
23	8.0855
24	7.976
25	8.1645

11
21	9.6775
22	9.8825
23	9.847
24	9.963
25	9.942

12
21	11.593
22	11.8725
23	12.2385
24	12.0835
25	12.072

13
21	14.061
22	14.329
23	14.6655
24	15.171
25	14.863

14
21	17.5725
22	17.885
23	18.729
24	18.2465
25	17.7915

15
21	21.1345
22	21.3935
23	22.045
24	22.4755
25	22.1845

16
21	25.907
22	26.435
23	27.072
24	26.884
25	27.281

17
21	29.7455
22	31.8285
23	33.5055
24	32.6785
25	33.794

18
21	38.463
22	39.6395
23	40.6135
24	40.167
25	40.628

19
21	46.01
22	49.607
23	49.2125
24	50.1225
25	49.5415

20
21	55.1325
22	60.2475
23	61.9575
24	63.114
25	61.325

21
21	71.709
22	72.836
23	74.138
24	75.411
25	75.1635

22
21	86.0025
22	91.0345
23	90.974
24	94.528
25	94.0705

23
21	106.8085
22	104.9555
23	113.867
24	114.9135
25	112.4155

24
21	128.564
