
3
20	2.49	-1.1671588312032193
21	2.485	-1.1691688821312436

4
20	3.035	-1.6623772977283195
21	3.06	-1.6541738062754918

5
20	4.135	-2.046248574324072
21	4.18	-2.0354246562630616

6
20	5.295	-2.4921201043063017
21	5.945	-2.376332553216926

7
20	7.345	-2.858010454293776
21	8.51	-2.7107883213343342

8
20	10.425	-3.200970676794697
21	10.445	-3.1990540494710333

9
20	14.225	-3.583323645027113
21	15.895	-3.472320030676742

10
20	19.52	-3.9600322246145065
21	19.19	-3.9770824955798445

11
20	26.585	-4.344271839203097
21	30.915	-4.193377483148867

12
20	35.985	-4.734663981759575
21	37.455	-4.694625954319497

13
20	48.59	-5.1274955988614765
21	50.11	-5.096692758307656

14
20	76.515	-5.366573727796235
21	70.895	-5.442860618649712

15
20	97.105	-5.821414841121764
21	100.1	-5.791038022078005

16
20	135.205	-6.183562743785567
21	135.825	-6.178987596521538

17
20	213.35	-6.420568059885061
21	191.46	-6.528823160000862

18
20	246.585	-6.968942488449432
21	259.58	-6.917584309819403

19
20	298.66	-7.470490628009838
21	339.885	-7.34118910553733

20
20	509.025	-7.630446479940974
21	436.78	-7.78351397536228
