
3
20	1.505	-1.6706486434789967
21	1.46	-1.7010051059595908

4
20	1.67	-2.2597650958111175
21	1.665	-2.262763598807374

5
20	2.055	-2.7454600548515287
21	2.095	-2.7261823494256254

6
20	2.645	-3.186212018049409
21	2.53	-3.230663780620243

7
20	3.22	-3.6826489043633
21	3.22	-3.6826489043633

8
20	4.01	-4.156386203161085
21	3.85	-4.1971042961798695

9
20	4.96	-4.636918884302672
21	4.82	-4.665550696976998

10
20	6.39	-5.076737537210009
21	5.86	-5.163322202010532

11
20	7.62	-5.593842616460844
21	7.525	-5.606388175524459

12
20	9.655	-6.050290250838865
21	9.36	-6.081320876229842

13
20	11.93	-6.531857111169463
21	11.49	-6.5694362554186245

14
20	14.51	-7.029222460943137
21	13.805	-7.079029682457116

15
20	17.58	-7.530445816142148
21	16.47	-7.5956671642096305

16
20	20.915	-8.049888284064963
21	23.375	-7.938687813784374

17
20	27.265	-8.477898241141045
21	26.905	-8.491189926577686

18
20	33.435	-8.967045994573073
21	35.68	-8.902058942367207

19
20	41.485	-9.444464514522712
21	42.16	-9.428324526405854

20
20	55.0	-9.855610425966436
21	52.31	-9.905756053816386

21
20	63.34	-10.407573750648357
21	64.19	-10.394243356435165

22
20	76.655	-10.90992313755638
21	77.755	-10.895675114645496

23
20	88.465	-11.459778159313776
21	95.72	-11.38095788983857

24
20	112.37	-11.913735335518876
21	123.965	-11.815533065740471

25
20	140.72	-12.38190741356933
21	147.95	-12.331805135152415

26
20	182.205	-12.816694267738232
21	184.475	-12.804312741614147

27
20	223.635	-13.304958616570051
21	217.935	-13.330777021927112

28
20	275.015	-13.7912954140449
21	275.57	-13.789279375874667

29
20	330.035	-14.302069526795856
21	349.8	-14.243906673653914

30
20	405.32	-14.789738538218241
21	392.755	-14.821229408998914
