
3
20	1.8875
21	1.8825
22	1.8875
23	1.881

4
20	2.1165
21	2.1485
22	2.1425
23	2.1415

5
20	2.551
21	2.5695
22	2.571
23	2.6015

6
20	2.9875
21	3.019
22	3.045
23	3.0175

7
20	3.531
21	3.5575
22	3.549
23	3.5

8
20	4.0625
21	4.1585
22	4.2215
23	4.1425

9
20	4.827
21	4.877
22	4.9
23	4.8395

10
20	5.6135
21	5.6095
22	5.6895
23	5.621

11
20	6.62
21	6.6585
22	6.595
23	6.4975

12
20	7.712
21	7.703
22	7.706
23	7.77

13
20	8.913
21	9.0405
22	9.0905
23	9.1095

14
20	10.537
21	10.592
22	10.549
23	10.4265

15
20	12.242
21	12.449
22	12.401
23	12.214

16
20	14.0545
21	14.621
22	14.29
23	14.5095

17
20	16.4855
21	16.7915
22	17.0325
23	16.586

18
20	19.5025
21	19.654
22	19.6885
23	19.077

19
20	22.175
21	23.212
22	22.914
23	22.443

20
20	26.642
21	27.137
22	26.9105
23	26.1075

21
20	30.512
21	31.236
22	31.73
23	29.9875

22
20	36.086
21	36.7865
22	36.4925
23	35.644

23
20	42.274
21	42.2635
22	43.399
23	41.83

24
20	48.6785
21	50.5365
22	50.1805
23	48.915

25
20	57.8935
21	58.4275
22	57.0845
23	57.672

26
20	67.941
21	68.5535
22	66.5375
23	65.156

27
20	80.237
21	81.148
22	77.6645
23	76.777

28
20	93.1085
21	93.813
22	93.4135
23	91.1185

29
20	107.415
21	110.339
22	106.646
23	106.09

30
20	129.808
21	128.132
