
3
20	1.965	-1.403949296358611
21	2.01	-1.3813068196088514

4
20	2.12	-2.02117263355586
21	2.145	-2.009449169859801

5
20	2.69	-2.476194709185979
21	2.665	-2.4855318451819186

6
20	3.28	-2.971039660963619
21	3.315	-2.960425459721846

7
20	3.895	-3.492336584596905
21	3.995	-3.4669866847013786

8
20	5.07	-3.9218366268764706
21	5.035	-3.928763918309037

9
20	6.04	-4.439920613092784
21	6.575	-4.35505004697568

10
20	7.82	-4.874787251042234
21	8.3	-4.815216290796901

11
20	9.215	-5.403786395037612
21	9.275	-5.397296377665899

12
20	12.375	-5.8020878582645885
21	12.535	-5.789241435109086

13
20	15.57	-6.265567361433382
21	16.24	-6.223436012545756

14
20	18.97	-6.761201743892311
21	20.325	-6.692208872405359

15
20	25.715	-7.150133229172299
21	26.005	-7.138918881174144

16
20	32.675	-7.603744629448839
21	35.235	-7.528314982180139

17
20	42.56	-8.032587224485681
21	41.96	-8.046785285990973

18
20	52.93	-8.50767896420912
21	53.005	-8.506263001353954

19
20	68.11	-8.948672385385734
21	63.475	-9.019150303048217

20
20	82.49	-9.450266537326266
21	86.67	-9.400835808052651
