
3
20	2.335	-1.231429650558975
21	2.27	-1.2596617101865244

4
20	2.625	-1.807507826196194
21	2.61	-1.8132385009051792

5
20	3.255	-2.285543627139194
21	3.345	-2.2582692092195344

6
20	4.31	-2.697945179244015
21	4.23	-2.716681090301485

7
20	5.31	-3.1824384286657694
21	4.885	-3.265860978424871

8
20	7.315	-3.5552504100074747
21	7.06	-3.5907323929744117

9
20	8.205	-4.133580900497453
21	8.685	-4.076727225346439

10
20	10.245	-4.60468202390859
21	11.74	-4.468469991199503

11
20	15.13	-4.9079394583591345
21	13.88	-4.99417003108074

12
20	20.55	-5.294905225777099
21	19.995	-5.322283924420561

13
20	24.885	-5.796648134968771
21	27.17	-5.708799923841032

14
20	29.765	-6.31072732123388
21	34.305	-6.168769411696379

15
20	41.585	-6.6694681830785285
21	43.545	-6.623412822254476

16
20	53.76	-7.105825192744231
21	54.7	-7.088491179531189

17
20	74.74	-7.469486645461732
21	74.76	-7.469219086931708

18
20	80.28	-8.091128726150878
21	96.51	-7.907002620159971

19
20	128.0	-8.317766166719345
21	109.42	-8.474602742003281

20
20	144.445	-8.890044798939048
21	161.47	-8.778624244305377
