%Comparison of symmetrically  diverse models to diverse models created by taking a single model from each cluster
%on various simplistic DB-Scan clusters of different radius 

Radius	sym/rand clust ratio [totally random pts, same # as sym]	num problems >1 cluster && >1 sym eclectic model

%1000 20 Var rand CNF
1	1.0183240902224164	461
2	0.9579378516926684	356
3	0.9352214961414335	294
4	0.9209222857536656	218
5	0.9142446740271312	165
6	0.9114777681452787	117
7	0.9072601721724761	88
8	0.9104125413635259	55
9	0.9433618488995796	36
10	0.9574978480465596	20
11	0.9735171047264476	14
12	1.0045531909879344	4
13	0.9405955882352927	1
14	0.9406066176470574	1
15	NaN					0

1	1.0185103666834874	0.7004972700849921	461
2	0.9576786069308127	0.6548815144849568	356
3	0.9354906277493261	0.636891412898272	294
4	0.9206758478863293	0.6208985466653174	218
5	0.914025488341227	0.610799446891255	165
6	0.9112613610382453	0.6057363939486676	117
7	0.9073280411697859	0.6099840912839525	88
8	0.910573365751356	0.6207562366931075	55
9	0.9434420306504675	0.6241742643349644	36
10	0.9576696884447341	0.6689224139422845	20
11	0.9736299587141978	0.667835356450279	14
12	1.0048743684012065	0.6789331353695227	4
13	0.9408786764705868	0.6891475490196093	1
14	0.9400772058823513	0.7132132352941186	1
15	NaN	NaN	0

%1000  50 var random 3-Sat
1	0.9130828646285315	615
2	0.8523998551381559	562
3	0.8155202174618131	503
4	0.7953629882086986	459
5	0.7835578427408244	418
6	0.7721049801082052	395
7	0.7656975117711584	362
8	0.7585324077659507	318
9	0.748953137888906	281
10	0.7403848901650374	242
11	0.7384183137785042	212
12	0.735191475078543	188
13	0.7333500183328279	155
14	0.7297725190768615	129
15	0.7268040099654013	99
16	0.7413296651015269	71
17	0.7311122044522285	62
18	0.743008433445317	42
19	0.7604818120822138	32
20	0.7411605128451381	24
21	0.7723243783436368	16
22	0.8393407976776215	9
23	0.923612061485399	5
24	0.9236470769686863	5
25	0.9122706469224531	4
26	0.9748107809182065	2
27	0.9851715705040258	1

1	0.9132629290082702	0.645475655875862	615
2	0.8528334541269915	0.5986358823635293	562
3	0.8153527492256246	0.5665390607911184	503
4	0.7955381023143674	0.5479307435778537	459
5	0.7834454668310211	0.5326387575702572	418
6	0.7719446338491499	0.5231786257754373	395
7	0.7655162198433446	0.5125930419626588	362
8	0.7588471806100471	0.49960347756692153	318
9	0.7490998969090544	0.4872357501301341	281
10	0.7405019798969638	0.47587204003858335	242
11	0.7384193899874424	0.4671555904804937	212
12	0.7349186583415666	0.4605220285280097	188
13	0.7331679545476997	0.4507403266182375	155
14	0.7298717718083481	0.4341692287916553	129
15	0.7269822800670658	0.426553072198199	99
16	0.7411999084073783	0.4302572013339704	71
17	0.7305573298004739	0.4210377595353011	62
18	0.7427319446444471	0.40621638065722343	42
19	0.7608422556533705	0.4313318969841471	32
20	0.7414948806576624	0.41678290743648944	24
21	0.7729667596797082	0.3974268398294125	16
22	0.8392485043251684	0.32771369860202065	9
23	0.9236361882594829	0.32373402617335867	5
24	0.9230800310555709	0.3356862337040996	5
25	0.9119306652458161	0.3487456697889736	4
26	0.9736302064523495	0.3096743490592791	2
27	0.9862878640408563	0.18417967029262797	1

%100 75 Var <50,000 models
1	0.8591680941920081	70
2	0.8143259732623446	65
3	0.7828629681936643	59
4	0.764605105624184	55
5	0.7502650142164884	52
6	0.7317217872710581	47
7	0.7234558161243152	44
8	0.7131310296435827	41
9	0.7083698453581305	39
10	0.7044831930893678	39
11	0.6928489936722685	34
12	0.6885025358148457	31
13	0.6894048694972087	24
14	0.6955630695601442	21
15	0.6997408470920369	19
16	0.6855934346904722	17
17	0.6863378235952244	17
18	0.664977926483151	15
19	0.665556852584199	15
20	0.6778630055802024	10
21	0.6312082441182428	7
22	0.6302587507873112	7
23	0.6093220559099667	5
24	0.6689251360579139	3
25	0.7349456659022847	2
26	NaN	0
27	NaN	0

1	0.8594253034939988	0.6378436511585008	70
2	0.8140853684093599	0.5978166281560285	65
3	0.7831808393200232	0.5679216997846748	59
4	0.764256967217504	0.5494926416724867	55
5	0.7503229403952832	0.5388039098410364	52
6	0.7318279764794083	0.5261124420194412	47
7	0.7234184087309558	0.5132987470754256	44
8	0.7136063076625717	0.49601202410271894	41
9	0.707907018881982	0.4885064944052383	39
10	0.7043853843672339	0.4857450557159552	39
11	0.6921969452305726	0.4699098092877208	34
12	0.6887406619732667	0.4609151482673464	31
13	0.6896012140177218	0.44640744088028417	24
14	0.695856817335206	0.4383000219451769	21
15	0.6998689291532086	0.4393170522294852	19
16	0.6868520133334612	0.43264625930378114	17
17	0.6859395117520073	0.4308380925759882	17
18	0.66566945051698	0.4275646346491063	15
19	0.6650323138657166	0.4241804980454241	15
20	0.6774358450455323	0.40429005524849215	10
21	0.6306510719021715	0.40595019973211427	7
22	0.631058157167745	0.40950043956432636	7
23	0.6104705018480586	0.4308784555843734	5
24	0.669849406767799	0.4884159133928771	3
25	0.7338352271831923	0.48859659999239763	2
26	NaN	NaN	0
27	NaN	NaN	0

%100 100 Var <50,000 models
1	0.8248719381933387	58
2	0.7545817791634502	52
3	0.7484224000963753	52
4	0.7368895557474359	51
5	0.7229172831018329	50
6	0.7155416775258492	49
7	0.6993578530282396	47
8	0.699298917216214	47
9	0.6947857425852919	45
10	0.6837021082489563	44
11	0.6796567991630371	41
12	0.6691962282338775	38
13	0.6680718868508507	38
14	0.6491683388849133	35
15	0.6480140729492672	33
16	0.6508828361959191	32
17	0.6507341988547916	28
18	0.6482842308712238	27
19	0.6457378291103211	26
20	0.6435482434288649	24
21	0.6386414288932456	22
22	0.6355227879724644	20
23	0.6298599979206058	18
24	0.6267698897944989	17
25	0.6268886083957153	16
26	0.6220356617002217	16
27	0.6089960856284622	15

<1000 100 Var <50,000 models
457
1	0.8427862427887605	69000.0	0.35680411299539094	275000
2	0.7879103017255811	88000.0	0.3102651652754466	258000
3	0.7612282243933475	98000.0	0.28701088068856	248000
4	0.7411352707025931	110000.0	0.2632949718491111	236000
5	0.7234608860251095	125000.0	0.23913880969979853	221000
6	0.7137599307494339	130000.0	0.22945231599340768	216000
7	0.70627333572395	137000.0	0.2181383485557989	209000
8	0.7014827468766143	140000.0	0.2127429325523183	206000
9	0.6926841575573821	151000.0	0.19787823687774594	195000
10	0.6862741116370018	159000.0	0.18586680993003354	187000
11	0.6823466020570068	166000.0	0.17542007279435395	180000
12	0.6761690753662747	179000.0	0.16097065329250906	167000
13	0.6707738109990289	182000.0	0.15671171659632188	164000
14	0.6625405820070317	190000.0	0.14659592489561582	156000
15	0.6590508778876613	195000.0	0.14211441864300042	151000
16	0.6565808229334912	199000.0	0.1377049032901014	147000
17	0.6530914579700241	207000.0	0.12845166547904982	139000
18	0.6533748475654225	214000.0	0.12271731987866756	132000
19	0.652366792866682	219000.0	0.11718686621215833	127000
20	0.6511523061921208	228000.0	0.10740663359277494	118000
21	0.6463947731227175	238000.0	0.09806258392952122	108000
22	0.6410429383366214	247000.0	0.08869962459124048	99000
23	0.6397324334532402	258000.0	0.07780710779588437	88000
24	0.639347029276785	267000.0	0.06799344834897933	79000
25	0.636310702595818	272000.0	0.06349900441849227	74000
26	0.6305070036846518	275000.0	0.060484298777571374	71000
27	0.6234912097988219	284000.0	0.05199020611608156	62000

99 (100 skipped)
1	0.8254127927459602	0.5801911861679329	58
2	0.755253283499564	0.5323131322792988	52
3	0.7483750031179058	0.5274596884324638	52
4	0.7367319855965909	0.5153872869156674	51
5	0.7228362751526458	0.5036415980292037	50
6	0.7150021855072357	0.4962420452411296	49
7	0.6994327133700439	0.4805582288904794	47
8	0.6994655816197655	0.48067686235052726	47
9	0.6943850132443707	0.4721651686658605	45
10	0.6837812578232193	0.46544358835098715	44
11	0.6794638503788498	0.4487353878057248	41
12	0.6684506491526457	0.44500135148098297	38
13	0.6681587024038503	0.44525347411641214	38
14	0.649570807111808	0.4335052651062019	35
15	0.6474230231218215	0.43044855496268136	33
16	0.6511443466663235	0.4335015458208852	32
17	0.6505333162697998	0.42370670204936584	28
18	0.6485675751118297	0.4254436970002559	27
19	0.6455080685001455	0.416886272205457	26
20	0.6435177291042518	0.41218852387686594	24
21	0.6385951889829222	0.4132819390659136	22
22	0.636341522956712	0.4210873776934163	20
23	0.6291833624593066	0.3868648531609057	18
24	0.6267747742709467	0.38328049263790637	17
25	0.6271103258080291	0.38930759610595395	16
26	0.621611814919362	0.38825478137413283	16
27	0.6085944058832842	0.3925241190930559	15

234
1	0.842413132609239	0.5980897794612982	138
2	0.7840365784777231	0.5555245118166023	127
3	0.7658105022059714	0.5406171891028184	126
4	0.7450432389260082	0.5194547968743696	119
5	0.7259166642665308	0.503104870332634	111
6	0.717408450348968	0.4928426101422051	107
7	0.7100375645727196	0.485013054910716	104
8	0.7067181315633864	0.48244849946028295	103
9	0.6998048097746448	0.4707241383678167	99
10	0.6927068667338845	0.46497488451226116	97
11	0.6880497017290641	0.45250045479660744	92
12	0.6834129064178018	0.449259689478923	87
13	0.6781606440407643	0.44717744669585363	85
14	0.6662899399439064	0.4399960711671234	79
15	0.6601639770418202	0.4389616275764452	75
16	0.6579879193656921	0.4398922470728597	72
17	0.6527005402497085	0.42901019722021555	66
18	0.6512322716672653	0.43272667160908557	62
19	0.6517910143336195	0.43059655398485575	60
20	0.6519460708016285	0.42392169277762093	53
21	0.6421430955665435	0.4227169219587282	46
22	0.6308838841360846	0.41293427479506517	40
23	0.6261524893780358	0.4007723723592494	34
24	0.620901961220815	0.39359939387752224	32
25	0.6199435580223682	0.390289307653492	30
26	0.6167726022017014	0.39180724581674325	29
27	0.6076439983887622	0.3900409637245879	27