
3
10
56.465
1.481
11
74.899
1.685
12
74.939
1.684
13
75.031
1.683
14
93.495
1.845
15
93.575
1.84
16
93.534
1.83
17
112.049
1.895
18
112.037
1.897
19
112.118
1.911
20
111.977
1.888
21
130.523
1.907
22
130.559
1.9
23
130.528
1.89
24
149.049
1.848
25
148.966
1.854
26
148.988
1.859
27
167.38
1.75
28
167.452
1.741
29
167.561
1.733
30
167.334
1.755
31
186.005
1.611

4
10
75.036
1.648
11
93.462
1.831
12
93.538
1.812
13
112.01
1.985
14
111.966
1.985
15
112.002
1.989
16
130.525
2.09
17
130.546
2.095
18
148.965
2.147
19
149.141
2.193
20
148.976
2.115
21
167.447
2.14
22
167.606
2.145
23
186.085
2.124
24
186.003
2.106
25
186.01
2.165
26
204.644
2.074
27
204.449
2.088
28
223.13
2.001
29
222.977
1.994
30
222.819
1.948
31
241.498
1.879

5
10
93.432
1.823
11
112.017
1.991
12
111.896
2.03
13
130.475
2.209
14
130.558
2.164
15
149.015
2.395
16
149.006
2.346
17
167.559
2.464
18
167.398
2.479
19
186.052
2.493
20
185.902
2.517
21
204.596
2.538
22
204.48
2.585
23
223.145
2.63
24
222.911
2.549
25
241.558
2.543
26
241.532
2.517
27
260.03
2.442
28
260.036
2.414
29
278.327
2.306
