0 DistanceEdges,
1 GlobalSymmetryEdges,
2 DistanceEdges,GlobalSymmetryEdges,
3 DistanceEdges,GlobalSymmetryEdges,ShortestPathCreator,
4 AgreementLocalSymAdder,
5 DistanceEdges,AgreementLocalSymAdder,DistanceEdges,
6 DistanceEdges,GlobalSymmetryEdges,AgreementLocalSymAdder,DistanceEdges,
7 DistanceEdges,GlobalSymmetryEdges,AgreementLocalSymAdder,DistanceEdges,ShortestPathCreator,
8 DistanceEdges,GlobalSymmetryEdges,DistanceEdges,ShortestPathCreator,AgreementLocalSymAdder,QueensToSAT

Min Dist Avg
     0      1      2      3      4      5      6      7      8 
  6.30   4.00   7.25  10.00  10.00  10.00  10.00    NaN  10.00 

Set size
     0      1      2      3      4      5      6      7      8 
  7.70  12.00   6.86   4.95   1.61   1.35   1.36   1.00   1.35 

Exclustions
           0      1      2      3      4      5      6      7      8 
     0      0   9169   9169  10000  10000  10000  10000  10000  10000 
     1  10000      0  10000  10000  10000  10000  10000  10000  10000 
     2      0      0      0   9993  10000  10000  10000  10000  10000 
     3   9245      0   9245      0  10000  10000  10000  10000  10000 
     4    649      0    649   1071      0   3239   3239   6062   3716 
     5      0      0      0   1736      0      0      0   3483   3483 
     6      0      0      0   1778      0      0      0   3565   3565 
     7      0      0      0      0      0      0      0      0      0 
     8   1166      0   1166      0      0   3512   3512   3512      0 

LineColoringCreator
Min Dist Avg
     0      1      2      3      4      5      6      7      8 
  2.00   2.00   2.00   2.00   2.00   2.00   2.00    NaN   2.00 

Set size
     0      1      2      3      4      5      6      7      8 
  3.22  10.00   3.23   3.88   4.46   3.00   3.00   1.00   3.32 

Exclustions
           0      1      2      3      4      5      6      7      8 
     0      0   2757   2757   8984   6083   6083   6832  10000   9461 
     1  10000      0  10000  10000  10000  10000  10000  10000  10000 
     2      0      0      0   8718   5555   5555   5555  10000   9313 
     3   9812      0   9812      0   9222   9818   9818  10000   9222 
     4   9563   4161   9668   9747      0   9563   9668  10000   9747 
     5      0   1576   1576   8543      0      0   1576  10000   8543 
     6      0      0      0   8381      0      0      0  10000   8381 
     7      0      0      0      0      0      0      0      0      0 
     8   9046      0   9046      0      0   9046   9046  10000      0 

RestrictedLineColoringCreator
Min Dist Avg
     0      1      2      3      4      5      6      7      8 
  2.00   2.00   2.00   2.00   2.00   2.00   2.00    NaN   2.00 

Set size
     0      1      2      3      4      5      6      7      8 
  3.48   8.00   3.18   2.71   2.38   1.88   1.87   1.00   1.88 

Exclustions
           0      1      2      3      4      5      6      7      8 
     0      0   4373   4373   8559   9002  10000  10000  10000  10000 
     1  10000      0  10000  10000  10000  10000  10000  10000  10000 
     2      0      0      0   7011   8377   9677   9677  10000   9677 
     3      0      0      0      0   7066   8788   8788  10000   7949 
     4      0      0      0   3871      0   7118   7118  10000   6603 
     5      0      0      0   2655      0      0      0   8762   4553 
     6      0      0      0   2609      0      0      0   8715   4555 
     7      0      0      0      0      0      0      0      0      0 
     8      0      0      0      0      0   6410   6410   8764      0 

SpaceFillingCycles
Min Dist Avg
     0      1      2      3      4      5      6      7      8 
  2.01   2.00   2.01   3.21   2.00   4.83   4.82    NaN   5.29 

Set size
     0      1      2      3      4      5      6      7      8 
  7.58  60.00   7.34   5.46  14.66   4.65   4.65   1.00   4.49 

Exclustions
           0      1      2      3      4      5      6      7      8 
     0      0   4536   4536   9998   9990  10000  10000  10000  10000 
     1  10000      0  10000  10000  10000  10000  10000  10000  10000 
     2      0      0      0   9999   9985  10000  10000  10000  10000 
     3   9557      0   9557      0   9804   9980   9980  10000   9804 
     4  10000    702  10000  10000      0  10000  10000  10000  10000 
     5      0    429    429   9615      0      0    429  10000   9615 
     6      0      0      0   9581      0      0      0  10000   9581 
     7      0      0      0      0      0      0      0      0      0 
     8   8554      0   8554      0      0   9566   9566  10000      0 

MonotonicPath
Min Dist Avg
     0      1      2      3      4      5      6      7      8 
  2.00   2.00   2.00   2.00   2.00   2.00   2.00    NaN   2.00 

Set size
     0      1      2      3      4      5      6      7      8 
  5.89  71.00   5.81   5.64   5.89   3.09   3.09   1.00   2.96 

Exclustions
           0      1      2      3      4      5      6      7      8 
     0      0   2531   2531   9970   9928   9999   9999  10000  10000 
     1  10000      0  10000  10000  10000  10000  10000  10000  10000 
     2      0      0      0   9968   9925   9999   9999  10000  10000 
     3   9974      0   9974      0   9976  10000  10000  10000  10000 
     4   9958      0   9958   9969      0  10000  10000  10000  10000 
     5      0      0      0   7444      0      0      0  10000   9250 
     6      0      0      0   7501      0      0      0  10000   9286 
     7      0      0      0      0      0      0      0      0      0 
     8   5356      0   5356      0      0   8544   8544  10000      0 

CycleMatching
Min Dist Avg
     0      1      2      3      4      5      6      7      8 
  1.00   1.00   1.00   1.00   1.00   1.00   1.00    NaN   1.00 

Set size
     0      1      2      3      4      5      6      7      8 
  4.97  16.00   4.72   6.12   3.61   2.75   2.65   1.00   2.25 

Exclustions
           0      1      2      3      4      5      6      7      8 
     0      0   5360   5360   9862   9997  10000  10000  10000  10000 
     1  10000      0  10000  10000  10000  10000  10000  10000  10000 
     2      0      0      0   9550   9996  10000  10000  10000  10000 
     3   9982      0   9982      0  10000  10000  10000  10000  10000 
     4   7948    839   8070   7415      0   9671   9719   9947   9761 
     5      0   1328   1328   4187      0      0   1328   9953   9024 
     6      0      0      0   3195      0      0      0   9953   8982 
     7      0      0      0      0      0      0      0      0      0 
     8   1927      0   1927      0      0   7875   7875   9942      0 

AllSquares
Min Dist Avg
     0      1      2      3      4      5      6      7      8 
  2.00   2.00   2.00   2.00   2.00   2.00   2.00    NaN   2.00 

Set size
     0      1      2      3      4      5      6      7      8 
 28.44  30.00  10.76   9.72   4.03   3.04   3.03   1.00   2.91 

Exclustions
           0      1      2      3      4      5      6      7      8 
     0      0  10000  10000  10000  10000  10000  10000  10000  10000 
     1  10000      0  10000  10000  10000  10000  10000  10000  10000 
     2      0      0      0   5551  10000  10000  10000  10000  10000 
     3   4567      0   4567      0  10000  10000  10000  10000  10000 
     4   9994      0   9994   9994      0   9994   9994  10000   9994 
     5      0      0      0   3943      0      0      0  10000   3943 
     6      0      0      0   3958      0      0      0  10000   3958 
     7      0      0      0      0      0      0      0      0      0 
     8    499      0    499      0      0    499    499  10000      0 

AllFilledRectangles
Min Dist Avg
     0      1      2      3      4      5      6      7      8 
  1.00   1.00   1.00   1.00   1.00   1.00   1.00   1.82   1.00 

Set size
     0      1      2      3      4      5      6      7      8 
  8.66  45.00   7.86   6.38  13.81   6.06   6.06   2.15   4.03 

Exclustions
           0      1      2      3      4      5      6      7      8 
     0      0   7751   7751  10000   9958   9958   9958  10000  10000 
     1  10000      0  10000  10000  10000  10000  10000  10000  10000 
     2      0      0      0   9998   9884   9884   9884  10000   9999 
     3   9561      0   9561      0   9586   9950   9950  10000   9967 
     4  10000      0  10000  10000      0  10000  10000  10000  10000 
     5      0      0      0   9967      0      0      0  10000   9988 
     6      0      0      0   9971      0      0      0  10000   9991 
     7   3338      0   3338   4280      0   3338   3338      0   5014 
     8   4054      0   4054      0      0   4054   4054  10000      0 

AllRectangles
Min Dist Avg
     0      1      2      3      4      5      6      7      8 
  1.00   1.00   1.00   1.00   1.00   1.00   1.00   1.56   1.00 

Set size
     0      1      2      3      4      5      6      7      8 
 19.38  45.00  13.52   9.02  15.43   7.11   7.06   2.44   6.56 

Exclustions
           0      1      2      3      4      5      6      7      8 
     0      0  10000  10000  10000  10000  10000  10000  10000  10000 
     1  10000      0  10000  10000  10000  10000  10000  10000  10000 
     2      0      0      0  10000  10000  10000  10000  10000  10000 
     3   4366      0   4366      0  10000  10000  10000  10000  10000 
     4  10000   3341  10000  10000      0  10000  10000  10000  10000 
     5      0    991    991   9456      0      0    991  10000   9456 
     6      0      0      0   9385      0      0      0  10000   9385 
     7   2709      0   2709   3885      0   3429   3429      0   3885 
     8   4631      0   4631      0      0   9296   9296  10000      0 

RelaxedPigeonHoleCreator
Min Dist Avg
     0      1      2      3      4      5      6      7      8 
  2.00    NaN    NaN    NaN    NaN    NaN    NaN    NaN    NaN 

Set size
     0      1      2      3      4      5      6      7      8 
  2.00   1.00   1.00   1.00   1.00   1.00   1.00   1.00   1.00 

Exclustions
           0      1      2      3      4      5      6      7      8 
     0      0  10000  10000  10000  10000  10000  10000  10000  10000 
     1      0      0      0      0      0      0      0      0      0 
     2      0      0      0      0      0      0      0      0      0 
     3      0      0      0      0      0      0      0      0      0 
     4      0      0      0      0      0      0      0      0      0 
     5      0      0      0      0      0      0      0      0      0 
     6      0      0      0      0      0      0      0      0      0 
     7      0      0      0      0      0      0      0      0      0 
     8      0      0      0      0      0      0      0      0      0 

ReducedLatinSquareCreator
Min Dist Avg
     0      1      2      3      4      5      6      7      8 
 12.00  12.00  12.00  12.00    NaN    NaN    NaN    NaN    NaN 

Set size
     0      1      2      3      4      5      6      7      8 
  4.86   5.00   4.00   3.00   1.00   1.00   1.00   1.00   1.00 

Exclustions
           0      1      2      3      4      5      6      7      8 
     0      0   9783   9783  10000  10000  10000  10000  10000  10000 
     1  10000      0  10000  10000  10000  10000  10000  10000  10000 
     2   9519      0      0  10000  10000  10000  10000  10000  10000 
     3   8976      0   7068      0  10000  10000  10000  10000  10000 
     4      0      0      0      0      0      0      0      0      0 
     5      0      0      0      0      0      0      0      0      0 
     6      0      0      0      0      0      0      0      0      0 
     7      0      0      0      0      0      0      0      0      0 
     8      0      0      0      0      0      0      0      0      0 

SpanningCyclesCreator
Min Dist Avg
     0      1      2      3      4      5      6      7      8 
  4.00   4.00   4.00   4.00    NaN    NaN    NaN    NaN    NaN 

Set size
     0      1      2      3      4      5      6      7      8 
  6.36   2.00   2.00   2.00   1.00   1.00   1.00   1.00   1.00 

Exclustions
           0      1      2      3      4      5      6      7      8 
     0      0  10000  10000  10000  10000  10000  10000  10000  10000 
     1   4766      0   4766    690  10000  10000  10000  10000  10000 
     2      0      0      0      0  10000  10000  10000  10000  10000 
     3   4304      0   4304      0  10000  10000  10000  10000  10000 
     4      0      0      0      0      0      0      0      0      0 
     5      0      0      0      0      0      0      0      0      0 
     6      0      0      0      0      0      0      0      0      0 
     7      0      0      0      0      0      0      0      0      0 
     8      0      0      0      0      0      0      0      0      0 

