0 DistanceEdges,
1 DistanceEdges,GlobalSymmetryEdges,
2 DistanceEdges,GlobalSymmetryEdges,ShortestPathCreator,
3 AgreementLocalSymAdder,
4 DistanceEdges,GlobalSymmetryEdges,AgreementLocalSymAdder,DistanceEdges,
5 DistanceEdges,GlobalSymmetryEdges,DistanceEdges,ShortestPathCreator,AgreementLocalSymAdder,

QueensToSAT
Min Dist Avg
     0      1      2      3      4      5 
  6.30   7.26  10.00  10.00  10.00  10.00 

Set size
     0      1      2      3      4      5 
  7.71   6.86   4.94   1.62   1.35   1.35 

Exclustions
           0      1      2      3      4      5 
     0      0   9199  10000  10000  10000  10000 
     1      0      0   9998  10000  10000  10000 
     2   9264   9264      0  10000  10000  10000 
     3    680    680   1142      0   3330   3714 
     4      0      0   1724      0      0   3491 
     5   1176   1176      0      0   3506      0 
Random Exclustions
           0      1      2      3      4      5 
     0   9994   9999  10000  10000  10000  10000 
     1   9984   9997   9997  10000  10000  10000 
     2   9699   9800   9877  10000  10000  10000 
     3   2000   2275   2507   6080   6134   6119 
     4   1094   1292   1387   3451   3476   3475 
     5   1102   1326   1356   3458   3490   3482 
Excl vs Rand excl
            0      1      2      3      4      5 
     0   0.00   0.92   1.00   1.00   1.00   1.00 
     1   0.00   0.00   1.00   1.00   1.00   1.00 
     2   0.96   0.95   0.00   1.00   1.00   1.00 
     3   0.34   0.30   0.46   0.00   0.54   0.61 
     4   0.00   0.00   1.24   0.00   0.00   1.00 
     5   1.07   0.89   0.00   0.00   1.00   0.00 

LineColoringCreator
Min Dist Avg
     0      1      2      3      4      5 
  2.00   2.00   2.00   2.00   2.00   2.00 

Set size
     0      1      2      3      4      5 
  3.22   3.24   3.87   4.45   3.00   3.31 

Exclustions
           0      1      2      3      4      5 
     0      0   2681   8871   6062   6786   9402 
     1      0      0   8721   5668   5668   9361 
     2   9787   9787      0   9158   9792   9158 
     3   9547   9672   9735      0   9672   9735 
     4      0      0   8403      0      0   8403 
     5   9019   9019      0      0   9019      0 
Random Exclustions
           0      1      2      3      4      5 
     0   9650   9726   9317   9127   9833   9840 
     1   9650   9753   9366   9150   9837   9837 
     2   9653   9719   9555   9501   9766   9760 
     3   9951   9965   9905   9834   9980   9982 
     4   9500   9638   9142   8789   9759   9752 
     5   9308   9428   9084   8850   9562   9568 
Excl vs Rand excl
            0      1      2      3      4      5 
     0   0.00   0.28   0.95   0.66   0.69   0.96 
     1   0.00   0.00   0.93   0.62   0.58   0.95 
     2   1.01   1.01   0.00   0.96   1.00   0.94 
     3   0.96   0.97   0.98   0.00   0.97   0.98 
     4   0.00   0.00   0.92   0.00   0.00   0.86 
     5   0.97   0.96   0.00   0.00   0.94   0.00 

RestrictedLineColoringCreator
Min Dist Avg
     0      1      2      3      4      5 
  2.00   2.00   2.00   2.00   2.00   2.00 

Set size
     0      1      2      3      4      5 
  3.50   3.20   2.71   2.39   1.88   1.87 

Exclustions
           0      1      2      3      4      5 
     0      0   4507   8671   9085  10000  10000 
     1      0      0   7033   8422   9729   9729 
     2      0      0      0   7083   8825   7982 
     3      0      0   3886      0   7215   6573 
     4      0      0   2749      0      0   4690 
     5      0      0      0      0   6355      0 
Random Exclustions
           0      1      2      3      4      5 
     0   9175   9420   9729   9881   9954   9959 
     1   8788   9151   9551   9704   9883   9900 
     2   7551   8029   8575   9022   9530   9469 
     3   6303   6742   7460   8160   9110   9039 
     4   4218   4572   5481   6369   7573   7362 
     5   4110   4699   5477   6294   7510   7460 
Excl vs Rand excl
            0      1      2      3      4      5 
     0   0.00   0.48   0.89   0.92   1.00   1.00 
     1   0.00   0.00   0.74   0.87   0.98   0.98 
     2   0.00   0.00   0.00   0.79   0.93   0.84 
     3   0.00   0.00   0.52   0.00   0.79   0.73 
     4   0.00   0.00   0.50   0.00   0.00   0.64 
     5   0.00   0.00   0.00   0.00   0.85   0.00 

SpaceFillingCycles
Min Dist Avg
     0      1      2      3      4      5 
  2.01   2.01   3.22   2.00   4.82   5.31 

Set size
     0      1      2      3      4      5 
  7.57   7.33   5.46  14.67   4.65   4.48 

Exclustions
           0      1      2      3      4      5 
     0      0   4486   9999   9990  10000  10000 
     1      0      0  10000   9975   9999  10000 
     2   9492   9492      0   9767   9974   9767 
     3  10000  10000  10000      0  10000  10000 
     4      0      0   9627      0      0   9627 
     5   8549   8549      0      0   9555      0 
Random Exclustions
           0      1      2      3      4      5 
     0  10000  10000  10000   9973  10000  10000 
     1   9999  10000  10000   9971  10000  10000 
     2   9952   9959   9987   9590   9995   9993 
     3  10000  10000  10000  10000  10000  10000 
     4   9817   9829   9914   8973   9986   9975 
     5   9750   9764   9887   8826   9970   9970 
Excl vs Rand excl
            0      1      2      3      4      5 
     0   0.00   0.45   1.00   1.00   1.00   1.00 
     1   0.00   0.00   1.00   1.00   1.00   1.00 
     2   0.95   0.95   0.00   1.02   1.00   0.98 
     3   1.00   1.00   1.00   0.00   1.00   1.00 
     4   0.00   0.00   0.97   0.00   0.00   0.97 
     5   0.88   0.88   0.00   0.00   0.96   0.00 

MonotonicPath
Min Dist Avg
     0      1      2      3      4      5 
  2.00   2.00   2.00   2.00   2.00   2.00 

Set size
     0      1      2      3      4      5 
  5.90   5.81   5.64   5.90   3.09   2.95 

Exclustions
           0      1      2      3      4      5 
     0      0   2582   9961   9928   9999  10000 
     1      0      0   9973   9934  10000  10000 
     2   9975   9975      0   9981  10000  10000 
     3   9965   9965   9977      0   9999  10000 
     4      0      0   7516      0      0   9265 
     5   5320   5320      0      0   8479      0 
Random Exclustions
           0      1      2      3      4      5 
     0   9995   9997   9994   9996  10000  10000 
     1   9995   9991   9987   9992   9999  10000 
     2   9991   9992   9988   9992  10000  10000 
     3   9994   9996   9990   9994  10000  10000 
     4   8712   8738   8468   8731   9727   9791 
     5   8372   8393   8216   8362   9545   9652 
Excl vs Rand excl
            0      1      2      3      4      5 
     0   0.00   0.26   1.00   0.99   1.00   1.00 
     1   0.00   0.00   1.00   0.99   1.00   1.00 
     2   1.00   1.00   0.00   1.00   1.00   1.00 
     3   1.00   1.00   1.00   0.00   1.00   1.00 
     4   0.00   0.00   0.89   0.00   0.00   0.95 
     5   0.64   0.63   0.00   0.00   0.89   0.00 

CycleMatching
Min Dist Avg
     0      1      2      3      4      5 
  1.00   1.00   1.00   1.00   1.00   1.00 

Set size
     0      1      2      3      4      5 
  4.98   4.72   6.11   3.61   2.65   2.25 

Exclustions
           0      1      2      3      4      5 
     0      0   5441   9850   9999  10000  10000 
     1      0      0   9549   9995  10000  10000 
     2   9985   9985      0  10000  10000  10000 
     3   7929   8078   7407      0   9720   9745 
     4      0      0   3246      0      0   8917 
     5   1891   1891      0      0   7905      0 
Random Exclustions
           0      1      2      3      4      5 
     0   9970   9982   9917  10000  10000  10000 
     1   9928   9949   9851   9985   9996   9992 
     2   9993   9998   9970  10000  10000  10000 
     3   9418   9527   9079   9832   9919   9935 
     4   7738   7874   6933   8986   9467   9608 
     5   6194   6383   5402   7963   8976   9299 
Excl vs Rand excl
            0      1      2      3      4      5 
     0   0.00   0.55   0.99   1.00   1.00   1.00 
     1   0.00   0.00   0.97   1.00   1.00   1.00 
     2   1.00   1.00   0.00   1.00   1.00   1.00 
     3   0.84   0.85   0.82   0.00   0.98   0.98 
     4   0.00   0.00   0.47   0.00   0.00   0.93 
     5   0.31   0.30   0.00   0.00   0.88   0.00 

AllSquares
Min Dist Avg
     0      1      2      3      4      5 
  2.00   2.00   2.00   2.00   2.00   2.00 

Set size
     0      1      2      3      4      5 
 28.44  10.73   9.72   4.03   3.04   2.91 

Exclustions
           0      1      2      3      4      5 
     0      0  10000  10000  10000  10000  10000 
     1      0      0   5467  10000  10000  10000 
     2   4595   4595      0  10000  10000  10000 
     3   9997   9997   9997      0   9997   9997 
     4      0      0   3972      0      0   3972 
     5    500    500      0      0    500      0 
Random Exclustions
           0      1      2      3      4      5 
     0  10000  10000  10000  10000  10000  10000 
     1  10000  10000  10000  10000  10000  10000 
     2  10000  10000  10000  10000  10000  10000 
     3   9425   9582   9692   9880   9994   9999 
     4   8251   8512   8754   8794   9770   9836 
     5   7930   8059   8355   8244   9451   9589 
Excl vs Rand excl
            0      1      2      3      4      5 
     0   0.00   1.00   1.00   1.00   1.00   1.00 
     1   0.00   0.00   0.55   1.00   1.00   1.00 
     2   0.46   0.46   0.00   1.00   1.00   1.00 
     3   1.06   1.04   1.03   0.00   1.00   1.00 
     4   0.00   0.00   0.45   0.00   0.00   0.40 
     5   0.06   0.06   0.00   0.00   0.05   0.00 

AllFilledRectangles
Min Dist Avg
     0      1      2      3      4      5 
  1.00   1.00   1.00   1.00   1.00   1.00 

Set size
     0      1      2      3      4      5 
  8.67   7.86   6.35  13.79   6.05   4.03 

Exclustions
           0      1      2      3      4      5 
     0      0   7807  10000   9965   9965  10000 
     1      0      0   9999   9885   9885   9999 
     2   9519   9519      0   9558   9946   9974 
     3  10000  10000  10000      0  10000  10000 
     4      0      0   9963      0      0   9987 
     5   4027   4027      0      0   4027      0 
Random Exclustions
           0      1      2      3      4      5 
     0   9999  10000  10000   9963  10000  10000 
     1  10000  10000  10000   9922  10000  10000 
     2   9987   9993   9995   9478   9997  10000 
     3  10000  10000  10000  10000  10000  10000 
     4   9994   9996   9998   9475   9999  10000 
     5   9732   9759   9782   6901   9847   9944 
Excl vs Rand excl
            0      1      2      3      4      5 
     0   0.00   0.78   1.00   1.00   1.00   1.00 
     1   0.00   0.00   1.00   1.00   0.99   1.00 
     2   0.95   0.95   0.00   1.01   0.99   1.00 
     3   1.00   1.00   1.00   0.00   1.00   1.00 
     4   0.00   0.00   1.00   0.00   0.00   1.00 
     5   0.41   0.41   0.00   0.00   0.41   0.00 

AllRectangles
Min Dist Avg
     0      1      2      3      4      5 
  1.00   1.00   1.00   1.00   1.00   1.00 

Set size
     0      1      2      3      4      5 
 19.43  13.49   9.02  15.43   7.08   6.56 

Exclustions
           0      1      2      3      4      5 
     0      0  10000  10000  10000  10000  10000 
     1      0      0  10000  10000  10000  10000 
     2   4509   4509      0  10000  10000  10000 
     3  10000  10000  10000      0  10000  10000 
     4      0      0   9407      0      0   9407 
     5   4555   4555      0      0   9272      0 
Random Exclustions
           0      1      2      3      4      5 
     0  10000  10000  10000  10000  10000  10000 
     1  10000  10000  10000  10000  10000  10000 
     2  10000  10000  10000   9974  10000  10000 
     3  10000  10000  10000  10000  10000  10000 
     4   9992   9997   9998   9784  10000  10000 
     5   9962   9989   9997   9638  10000   9999 
Excl vs Rand excl
            0      1      2      3      4      5 
     0   0.00   1.00   1.00   1.00   1.00   1.00 
     1   0.00   0.00   1.00   1.00   1.00   1.00 
     2   0.45   0.45   0.00   1.00   1.00   1.00 
     3   1.00   1.00   1.00   0.00   1.00   1.00 
     4   0.00   0.00   0.94   0.00   0.00   0.94 
     5   0.46   0.46   0.00   0.00   0.93   0.00 

SimpleCNFCreator
Min Dist Avg
     0      1      2      3      4      5 
  1.00   1.00   1.00   1.00   1.00   1.00 

Set size
     0      1      2      3      4      5 
  8.05   8.06   8.05  21.84   6.53   6.53 

Exclustions
           0      1      2      3      4      5 
     0      0      0      0   7053   9984   9984 
     1      0      0      0   7111   9984   9984 
     2      0      0      0   7094   9990   9990 
     3  10000  10000  10000      0  10000  10000 
     4      0      0      0      0      0      0 
     5      0      0      0      0      0      0 
Random Exclustions
           0      1      2      3      4      5 
     0  10000  10000  10000   9896  10000  10000 
     1  10000  10000  10000   9895  10000  10000 
     2  10000  10000  10000   9899  10000  10000 
     3  10000  10000  10000  10000  10000  10000 
     4   9995   9998   9994   9454   9999   9998 
     5   9997   9997   9996   9467  10000  10000 
Excl vs Rand excl
            0      1      2      3      4      5 
     0   0.00   0.00   0.00   0.71   1.00   1.00 
     1   0.00   0.00   0.00   0.72   1.00   1.00 
     2   0.00   0.00   0.00   0.72   1.00   1.00 
     3   1.00   1.00   1.00   0.00   1.00   1.00 
     4   0.00   0.00   0.00   0.00   0.00   0.00 
     5   0.00   0.00   0.00   0.00   0.00   0.00 

RelaxedPigeonHoleCreator
Min Dist Avg
     0      1      2      3      4      5 
  2.00    NaN    NaN    NaN    NaN    NaN 

Set size
     0      1      2      3      4      5 
  2.00   1.00   1.00   1.00   1.00   1.00 

Exclustions
           0      1      2      3      4      5 
     0      0  10000  10000  10000  10000  10000 
     1      0      0      0      0      0      0 
     2      0      0      0      0      0      0 
     3      0      0      0      0      0      0 
     4      0      0      0      0      0      0 
     5      0      0      0      0      0      0 
Random Exclustions
           0      1      2      3      4      5 
     0   6863  10000  10000  10000  10000  10000 
     1      0      0      0      0      0      0 
     2      0      0      0      0      0      0 
     3      0      0      0      0      0      0 
     4      0      0      0      0      0      0 
     5      0      0      0      0      0      0 
Excl vs Rand excl
            0      1      2      3      4      5 
     0   0.00   1.00   1.00   1.00   1.00   1.00 
     1    NaN    NaN    NaN    NaN    NaN    NaN 
     2    NaN    NaN    NaN    NaN    NaN    NaN 
     3    NaN    NaN    NaN    NaN    NaN    NaN 
     4    NaN    NaN    NaN    NaN    NaN    NaN 
     5    NaN    NaN    NaN    NaN    NaN    NaN 

ReducedLatinSquareCreator
Min Dist Avg
     0      1      2      3      4      5 
 12.00  12.00  12.00    NaN    NaN    NaN 

Set size
     0      1      2      3      4      5 
  4.85   4.00   3.00   1.00   1.00   1.00 

Exclustions
           0      1      2      3      4      5 
     0      0   9783  10000  10000  10000  10000 
     1   9440      0  10000  10000  10000  10000 
     2   8944   7092      0  10000  10000  10000 
     3      0      0      0      0      0      0 
     4      0      0      0      0      0      0 
     5      0      0      0      0      0      0 
Random Exclustions
           0      1      2      3      4      5 
     0   9912   9936   9971  10000  10000  10000 
     1   9864   9922   9979  10000  10000  10000 
     2   8803   9126   9556  10000  10000  10000 
     3      0      0      0      0      0      0 
     4      0      0      0      0      0      0 
     5      0      0      0      0      0      0 
Excl vs Rand excl
            0      1      2      3      4      5 
     0   0.00   0.98   1.00   1.00   1.00   1.00 
     1   0.96   0.00   1.00   1.00   1.00   1.00 
     2   1.02   0.78   0.00   1.00   1.00   1.00 
     3    NaN    NaN    NaN    NaN    NaN    NaN 
     4    NaN    NaN    NaN    NaN    NaN    NaN 
     5    NaN    NaN    NaN    NaN    NaN    NaN 

SpanningCyclesCreator
Min Dist Avg
     0      1      2      3      4      5 
  4.00   4.00   4.00    NaN    NaN    NaN 

Set size
     0      1      2      3      4      5 
  6.34   2.00   2.00   1.00   1.00   1.00 

Exclustions
           0      1      2      3      4      5 
     0      0  10000  10000  10000  10000  10000 
     1      0      0      0  10000  10000  10000 
     2   4326   4326      0  10000  10000  10000 
     3      0      0      0      0      0      0 
     4      0      0      0      0      0      0 
     5      0      0      0      0      0      0 
Random Exclustions
           0      1      2      3      4      5 
     0  10000  10000  10000  10000  10000  10000 
     1   4517   8121   6720  10000  10000  10000 
     2   4362   8074   6719  10000  10000  10000 
     3      0      0      0      0      0      0 
     4      0      0      0      0      0      0 
     5      0      0      0      0      0      0 
Excl vs Rand excl
            0      1      2      3      4      5 
     0   0.00   1.00   1.00   1.00   1.00   1.00 
     1   0.00   0.00   0.00   1.00   1.00   1.00 
     2   0.99   0.54   0.00   1.00   1.00   1.00 
     3    NaN    NaN    NaN    NaN    NaN    NaN 
     4    NaN    NaN    NaN    NaN    NaN    NaN 
     5    NaN    NaN    NaN    NaN    NaN    NaN 

SimpleLatinSquareCreator
Min Dist Avg
     0      1      2      3      4      5 
  8.00   8.00   8.00    NaN    NaN    NaN 

Set size
     0      1      2      3      4      5 
  4.55   2.00   2.00   1.00   1.00   1.00 

Exclustions
           0      1      2      3      4      5 
     0      0  10000  10000  10000  10000  10000 
     1      0      0      0  10000  10000  10000 
     2   5943   5943      0  10000  10000  10000 
     3      0      0      0      0      0      0 
     4      0      0      0      0      0      0 
     5      0      0      0      0      0      0 
Random Exclustions
           0      1      2      3      4      5 
     0   9991  10000  10000  10000  10000  10000 
     1   6340   8486   6419  10000  10000  10000 
     2   6335   8528   6331  10000  10000  10000 
     3      0      0      0      0      0      0 
     4      0      0      0      0      0      0 
     5      0      0      0      0      0      0 
Excl vs Rand excl
            0      1      2      3      4      5 
     0   0.00   1.00   1.00   1.00   1.00   1.00 
     1   0.00   0.00   0.00   1.00   1.00   1.00 
     2   0.94   0.70   0.00   1.00   1.00   1.00 
     3    NaN    NaN    NaN    NaN    NaN    NaN 
     4    NaN    NaN    NaN    NaN    NaN    NaN 
     5    NaN    NaN    NaN    NaN    NaN    NaN 

